13
110
130
141
149
137
166
126
140
138
139
124
123
142
158
152
156
133
129
151
116
145
129
137
145
136
149
151
126
154
115
125
129
132
146
151
163
148
137
168
109
123
144
125
151
153
160
167
151
141
146
133
151
123
156
130
138
160
143
190
135
125
143
98
141
141
123
180
130
163
139
104
158
110
154
139
152
158
129
171
139
133
158
103
149
129
135
148
113
175
146
115
139
125
124
146
150
141
138
156
158
139
137
123
114
117
123
123
135
151
162
143
147
148
97
145
112
149
139
149
175
121
152
136
148
134
124
159
145
127
146
133
167
105
135
147
121
103
136
122
145
134
151
111
127
151
130
141
136
140
137
131
141
132
115
165
133
152
149
138
133
132
119
149
129
131
134
127
146
127
170
156
128
161
129
136
150
130
149
118
149
138
127
152
124
135
142
122
149
135
161
146
154
135
113
138
145
107
157
151
156
162
108
163
146
151
160
117
137
135
127
150
137
153
146
143
147
137
145
111
136
147
140
141
138
133
149
129
146
130
139
137
126
140
148
130
142
135
149
127
124
150
132
145
135
125
163
134
142
146
126
151
143
145
130
159
128
131
134
142
130
143
138
134
139
121
145
140
139
138
132
144
189
150
156
125
142
125
135
155
115
158
127
121
162
149
136
132
111
133
120
123
153
122
162
119
160
157
133
156
119
138
134
139
162
153
151
146
135
147
126
142
131
141
157
143
138
144
79
151
140
127
154
126
148
135
143
161
128
154
123
109
136
129
131
136
134
133
141
142
133
130
149
138
141
148
133
164
151
138
134
115
141
130
137
161
114
156
141
153
140
117
145
109
121
145
105
151
149
146
150
151
144
144
130
153
132
144
149
129
171
143
147
138
128
142
123
124
129
132
165
113
129
144
115
144
121
152
169
156
144
149
145
134
115
133
121
149
150
147
132
138
135
135
123
143
130
139
145
126
143
146
154
141
126
145
130
132
156
149
168
159
133
162
117
131
137
119
145
125
158
144
149
157
190
140
134
101
153
124
144
159
132
160
142
138
148
132
144
99
163
145
131
162
139
114
151
114
140
133
124
168
137
160
151
135
159
130
147
121
139
148
131
172
142
146
151
124
131
140
123
159
138
155
148
130
136
142
131
153
123
150
170
149
163
140
156
128
134
130
106
133
129
132
157
144
156
139
140
145
115
138
123
146
140
164
156
149
127
146
112
148
131
149
159
153
147
140
112
132
117
123
136
145
153
141
162
159
124
132
116
138
139
135
155
143
153
161
144
132
113
117
142
114
152
134
144
141
134
136
137
116
139
134
157
152
155
141
113
154
130
114
143
128
144
130
141
158
136
144
119
120
128
133
146
147
134
159
123
157
152
118
144
118
136
136
141
156
134
160
158
120
182
91
66
141
135
161
133
154
152
151
147
134
139
135
145
174
141
159
165
124
146
120
131
144
122
160
162
142
142
130
139
131
123
151
128
151
160
143
152
141
148
135
117
153
117
147
138
137
176
127
119
148
123
144
136
124
135
150
157
146
147
133
131
146
134
128
162
145
155
154
144
111
87
96
113
144
167
158
171
137
141
134
104
103
126
125
141
153
187
184
153
14
1
144
112
134
97
141
138
147
133
145
135
127
131
129
122
144
148
154
160
130
132
140
147
189
173
170
165
124
124
89
112
111
128
161
151
168
182
138
118
107
87
134
116
133
180
160
164
141
124
131
122
138
126
158
149
152
169
139
137
147
114
147
145
157
163
151
156
127
117
123
145
139
149
147
158
144
131
117
106
98
111
114
88
38
33
24
32
-9
-56
-110
-138
-182
-178
-71
51
216
524
832
1086
1391
4078
3301
6291
-3246
-6533
-6436
-8192
-985
-393
6174
7760
6263
7104
-1393
-3748
-6908
-8023
-3912
-3111
4638
6697
7236
7645
1235
-615
-6284
-7574
-5794
-4451
2194
4245
7597
7747
3613
1270
-4716
-6183
-6841
-5560
-278
2400
6951
7490
5444
2958
-2601
-4809
-7242
-6250
-2459
564
5445
6647
6896
4336
-382
-3294
-6574
-6479
-42
79
-1163
3538
5707
7100
5550
1696
-1666
-5376
-6336
-5682
-2736
1556
4477
6760
6216
3761
67
-3883
-5705
-6165
-4208
-727
2989
5923
6361
5030
1951
-2203
-4740
-6185
-5086
-2398
1092
4680
6085
5786
3356
-314
-3876
-5909
-4542
-3117
312
3153
4896
5146
2577
454
-2032
-3616
-3490
-2761
-459
1518
3036
3734
2679
1177
-832
-2224
-2763
-2294
-790
712
2081
2668
2330
1184
-305
-1505
-2037
-1866
-819
383
1397
1860
1635
857
-261
-1124
-1472
-1278
-552
211
877
1163
1057
660
434
1158
5438
5300
-2478
-959
-7315
-5618
-3254
-2286
4884
3784
7203
5135
686
-334
-6110
-4799
-4873
-2861
2375
3015
7056
5086
2735
663
-4462
-4331
-6122
-3589
268
2096
6195
5176
4748
1731
-2659
-3731
-6160
-4203
-2072
981
4912
5040
5587
2848
-821
-2838
-5632
-4667
-3427
-393
3416
4630
5844
3818
1255
-1624
-4709
-4813
-4336
-1606
1521
3888
5629
4526
2605
-360
-3377
-4587
-4802
-2722
50
2739
4984
4881
3676
896
-2068
-3934
-4987
-3561
-1300
1583
4074
4899
4411
2044
-694
-3128
-4660
-4231
-2458
345
2988
4541
4857
3037
501
-2909
-4333
-3523
-3028
257
1911
35
18
3761
2323
1358
-1071
-2238
-2772
-2578
-951
542
2084
2787
2500
1710
74
-1232
-2098
-2160
-1302
-185
1107
1999
2129
1660
583
-451
-1384
-1631
-1277
-533
429
1217
1643
1483
848
63
-709
-1165
-1145
-737
-111
587
1022
1008
553
9
-472
-723
-596
-127
421
797
891
775
509
203
70
108
304
975
6408
5766
-2256
-893
-7981
-5606
-4342
-25335091
4068
7947
5429
1357
-324
-6762
-5339
-6618
-3286
2173
3313
7987
5699
4289
848
-4674
-4883
-7181
-4094
-301
2235
6786
5843
5740
2140
-2584
-4156
-6985
-4897
-2837
798
5213
5691
6523
3403
60
-2981
-6240
-5359
-4275
-652
3056
5087
6687
4482
1880
-1643
-4852
-5468
-5186
-2050
1260
4086
6231
5247
3280
-193
-3545
-5079
-5689
-3281
-365
2885
5446
5572
4657
1256
-1992
-4324
-5663
-4367
-1843
1482
4354
5484
5297
2777
-444
-3307
-5171
-4871
-3332
-183
3049
4959
5504
3867
1294
-2063
-4356
-5016
-4123
-1551
1409
4133
5347
4640
2495
-464
-3181
-4757
-4604
-2708
56
2893
4919
4995
3514
833
-2353
-4321
-5000
-2564
-813
1964
4210
3860
3397
999
-857
-2354
-3412
-2562
-1456
522
2168
2863
3073
1688
230
-1334
-2369
-2314
-1663
-100
1242
2125
2414
1787
607
-612
-1534
-1765
-1446
-522
629
1445
1835
1585
885
-62
-924
-1321
-1194
-597
188
1046
1390
1353
886
154
-517
-947
-933
-543
35
652
1046
1104
779
272
-268
-643
-716
-455
-15
468
789
896
699
292
-131
-434
-511
-367
-42
327
611
695
604
279
-14
-262
-358
-251
53
287
503
578
482
269
-11
-191
-233
-140
26
250
421
474
404
215
43
-82
-127
-46
55
260
344
396
317
177
56
-46
-71
1
93
219
319
328
269
141
61
-5
-25
34
121
187
276
276
255
158
70
14
29
63
118
185
245
212
226
153
74
42
18
61
136
194
230
157
143
44
-64
-110
-163
-167
-135
-142
-79
-52
-35
-77
-129
-56
138
548
923
1328
1713
7186
4708
2620
-2808
-8192
-6689
-8192
-2361
2841
6325
8191
6986
7100
-1105
-6920
-7653
-8192
-4388
-2540
5216
8080
8000
8151
1088
-3279
-7416
-8192
-6580
-5191
3043
7081
8191
8171
3971
704
-5973
-8110
-7802
-6958
102
3839
8191
8172
6273
3299
-3571
-6767
-8192
-8028
-2513
1227
6638
8126
7305
3702
-1632
-4155
-7281
-5791
-3285
410
4156
5299
5719
2947
64
-2533
-4246
-3950
-2669
-34
2325
3561
3867
2504
368
-1588
-2866
-2813
-1908
-142
1624
2599
2722
1768
382
-1026
-1973
-1910
-1272
-29
1060
1846
1851
1183
254
-721
-1288
-1272
-704
134
912
1345
1314
777
99
-520
-874
-780
-278
282
783
980
859
454
-37
-411
-532
-359
-56
359
597
628
436
132
-87
-250
-204
-26
190
399
476
417
259
63
-50
-114
-56
80
235
305
306
235
125
25
-16
-23
82
198
277
284
252
181
96
33
2
54
122
208
245
234
183
132
109
61
86
182
150
170
170
158
154
116
109
104
138
176
152
197
156
148
138
104
94
113
145
161
157
178
151
154
135
104
134
120
149
161
130
140
115
68
28
16
-3
-62
-174
-231
-244
-203
-87
74
223
255
220
163
302
826
1718
8149
6709
-591
-601
-8192
-6886
-7134
-3406
4976
4687
8191
7179
4005
12
-7721
-6635
-8192
-4656
773
3814
8191
7390
6705
1539
-4721
-6129
-8192
-5826
-2634
2367
7686
7
687
8103
34
56
-1477
-5040
-8192
-6929
-5647
350
5398
7280
8191
5262
-1058
-4672
-6564
-6502
-2532
-547
4139
5299
4792
3084
-584
-2311
-4032
-3306
-1341
572
2815
3193
2950
1191
-706
-1822
-2461
-1619
-465
943
1918
1906
1400
254
-782
-1249
-1251
-535
223
955
1326
1062
558
-164
-607
-747
-493
12
429
800
813
601
186
-220
-404
-347
-110
176
465
550
477
277
19
-130
-161
-52
115276
354
346
240
101
-7
-28
12
109
197
284
233
203
102
51
58
84
142
191
206
206
155
129
102
72
107
154
200
225
213
156
127
114
86
95
137
149
176
179
179
147
131
112
116
145
168
169
138
139
139
123
94
114
152
155
185
154
145
111
107
61
50
39
-6
-87
-128
-174
-257
-262
-285
-217
-141
39
230
436
752
1018
1204
1368
1915
7868
5952
-2224
-1891
-8192
-7143
-7511
-2722
6514
6229
8191
7163
4487
-1305
-8192
-7860
-8192
-4071
1922
5409
8191
8011
7377
454
-6174
-7573
-8192
-5965
-3089
3820
8108
8169
8148
29
28
-1635
-6579
-8192
-7536
-5707
1261
5993
8191
8171
53721526
-5177
-8192
-8166
-5380
-62
3964
7707
7358
5214
1178
-3359
-5555
-6296
-3811
-461
2770
5222
5171
3748
560
-2281
-3786
-4051
-2460
-56
2186
3620
3450
2177
170
-1799
-2643
-2573
-129
7
302
1765
2575
2199
1115
-306
-1385
-1799
-1433
-397
691
1517
1739
1255
398
-484
-1044
-1052
-561
153
786
1111
1023
545
-41
-484
-620
-403
-15
388
671
692
483
129
-184
-310
-239
-31
251
420
473
327
124
-32
-147
-70
90
271
380
350
270
129
-32
5
-2
115
199
242
264
195
135
65
47
85
103
162
214
203
188
100
64
61
72
152
179
179
135
59
105
103
141
200
195
196
148
125
73
76
34
-48
-73
-91
-122
-76
-80
-57
-50
4
62
219
604
1075
1947
7641
7803
-3984
-1028
-8192
-7580
-5408
-4245
7198
5375
8191
7701
1711
52
-8192
-7142
-7498
-5127
2915
4057
81917814
5221
1574
-6393
-6432
-8192
-6042
-962
2585
8191
7844
7344
3248
-3067
-5343
-8192
-6949
-3922
736
6660
7519
8183
5008
90
-4424
-8192
-8171
-4168
561
5070
6821
6126
3606
-404
-3496
-5082
-4304
-1774
1017
3577
4288
3410
1311
-1096
-2597
-3055
-1961
-205
1489
2601
2506
1471
-63
-1304
-1872
-1613
-6
45
611
1494
1709
1307
408
-526
-1145
-1163
-646
122
819
1177
1052
586
-14
-450
-611
-407
30
432
702
684
464
116
-149
-279
-183
-3
249
391
425
308
148
23
-48
-39
67
152
256
279
221
148
64
61
59
124
204
24
2
224
163
112
97
55
84
154
172
220
214
161
133
83
103
91
124
161
158
174
128
110
118
108
154
153
163
245
123
132
86
60
89
100
147
1
90
169
174
84
31
-15
-8
54
69
126
102
69
16
-51
20
182
270
356
381
347
247
124
9
-57
-68
-52
27
93
150
139
92
93
131
208
556
1112
4464
2223
31
127
-1643
-7446
-5842
-8192
878
3467
6126
8110
55
58
5304
-3230
-6829
-7194
-8192
-2654
27
6367
8097
7067
7724
-739
-4267
-7700
-8192
-5048
-3422
4514
7360
8038
8160
2151
-812
-6723
-8078
-6927
-5204
1737
4859
8191
8165
4688
1533
-4777
-7088
-7760
-6515
-947
2571
7441
806
8
6510
3569
-2386
-5507
-8155
-7642
-1871
523
5852
6618
6021
4579
-549
-2954
-5794
-5400
-3146
-345
3366
4422
4877
3136
157
-1810
-3739
-3418
-2261
-131
2183
2976
3145
1779
152
-1360
-23
85
-2054
-1142
337
1519
2075
1936
954
12
-994
-1427
-1144
-496
413
1033
1285
1084
443
-149
-6
15
-734
-480
-44
492
756
776
549
183
-161
-363
-320
-110
178
427
535
46
2
243
37
-127
-132
-11
155
321
367
355
212
93
7
-65
2
88
206
275
248
215
130
51
44
39
117
164
209
224
171
128
118
68
106
114
156
1
45
157
167
124
119
108
125
126
108
128
135
119
139
127
135
161
158
172
161
167
163
142
136
115
108
130
130
161
130
134
84
-6-36
-81
-92
-73
-27
57
74
90
46
11
31
127
403
754
1037
1178
1388
7994
4979
232
-2007
-8192
-6027
-7405
-1707
4603
5349
8191
6049
4375
-1297
-7545
-6624
-8192
-3276
549
4802
8191
6881
6969
264
-4645
-6598
-8192
-4878
-2679
3433
7527
7647
8130
2346
-1555
-5748
-8157
-6599
-5404
1342
543
2
7664
8191
4654
1196
-4178
-7459
-7320
-6759
-1215
2883
6785
814
4
6318
3851
-1915
-5644
-7417
-7419
-3349
52
5129
7659
7278
5384
-122
-4256
-7889
-5040
-4140
81
3803
4800
6251
3135
925
-1732
-4451
-4148
-3598
-860
1894
3438
4583
3090
1300
-976
-2896
-3251
-2891
-888
1062
2523
3221
2502
1165
-696
-2022
-2304
-1870
-510
941
1949
2211
1596
567
-601
-1347
-1449
-960
-3
3
803
1417
1381
842
125
-598
-899
-836
-302
312
770
1025
832
428
-96
-504
-532
-363
31
419
648
688
410
136
-131
-263
-173
-23
204
371
399
349
153
17
-7
2
-83
60
172
270
307
257
155
58
-1
41
54
170
210
249
251
178
91
67
46
100
175
178
169
138
126
88
108
141
137
159
158
138
98
50
55
76
98
144
142
165
140
139
118
118
200
302
435
466
438
401
329
440
793
6416
3482
-645
-1599
-7733
-4067
-5613
-1100
3916
3831
7996
39491871
-1001
-5854
-4553
-6387
-1961
1532
3417
7199
4675
4266
37
-3993
-4475
-6547
-3096
-1087
2570
6004
5130
5322
1326
-1614
-4000
-6274
-4035-2648
1285
4246
5242
5861
2619
88
-3068
-5350
-4687
-3785
-100
2755
4810
5944
3733
1579
-1911
-4350
-4975
-4524
-1462
1256
3994
5558
4679
2800
-541
-3224
-4733
-5010
-2876
-126
2927
4917
5090
4005
1041
-1945
-4100
-4978
-3757
-1697
1664
4013
5048
4596
2240
-375
-3323
-4645
-4331
-2716
179
2734
4680
4837
3282
862
-2031
-3876
-4535
-3460
-1035
1588
3922
4787
4052
1948
-805
-3076
-4403
-3991
-2164
382
2961
4415
4549
2876
412
-2087
-3875
-4246
-3146
-734
1889
37944579
3736
1687
-1008
-3186
-4109
-3727
-1930
814
2957
4320
4132
2619
293
-2308
-3725
-3981
-2701
-549
1858
3815
4271
3365
1329
-1093
-2996
-3943
-3256
-1513
830
2959
4052
3831
2197
-57
-2240
-3608
-3612
-2326
-194
2076
3636
4029
2935
903
-1345
-3042
-3717
-2897
-1122
1130
3030
3932
3571
1801
-346
-2374
-3491
-3376
-2124
158
2232
3579
3800
2677
567
-1531
-3028
-3450
-2702
-923
1369
3051
3749
3186
1579
-462
-2453
-3343
-3082
-1703
307
2354
3540
3465
2327
414
-1592
-2991
-3284
-2334
-558
1414
2986
3535
2873
1240
-744
-2386
-3208
-2770
-1351
584
2362
3358
3209
1956
69
-1741
-2916
-3055
-1986
-232
1655
3010
3358
2535
856
-1020
-2456
-3065
-2547
-1015
926
2517
3273
3027
1714
-221
-1877
-2858
-2822
-1775
-53
1858
2986
3183
2307
687
-1230
-2498
-2922
-2243
-792
1006
2545
3166
2711
1380
-322
-2030
-2767
-2563
-1426
278
1878
2962
2968
1934
388
-1326
-2452
-2712
-1984
-406
1230
2581
3031
2431
1070
-639
-2012
-2674
-2347
-1068
512
2033
2899
2729
1676
93
-1465
-2409
-2576
-1632
-134
1422
2561
2855
2128
728
-868
-2071
-2587
-2083
-797
804
2154
2778
2555
1311
-219
-1580
-2439
-2335
-1447
102
1634
2563
2717
1937
422
-1014
-2127
-2397
-1860
-592
1034
2169
2719
2279
1141
-423
-1730
-2340
-2151
-1140
325
1752
2554
2495
1649
298
-1134
-2115
-2278
-1592
-306
1102
2263
2571
2023
876
-595
-1711
-2255
-1938
-856
532
1818
2558
2283
1383
2
-1281
-2079
-2113
-1300
-37
1318
2276
2379
1795
563
-762
-1818
-2170
-1690
-568
760
1902
2394
2086
1105
-243
-1385
-2077
-1956
-1055
224
1480
2228
2308
1564
297
-949
-1856
-2055
-1479
-294
1002
1951
2343
1944
772
-455
-1546
-2001
-1782
-878
497
1605
2242
2165
1357
79
-1115
-1856
-1924
-1281
-149
1181
2005
2241
1691
675
-672
-1611
-1935
-1578
-594
582
1703
2186
1960
1108
-80
-1180
-1825
-1783
-1000
131
1257
2047
2088
1489
389
-778
-1648
-1859
-1371
-366
794
1776
2097
1769
850
-289
-1269
-1822
-1606
-787
313
1420
2012
1957
1254
135
-900
-1639
-1675
-1110
-140
1022
17952045
1570
583
-496
-1397
-1730
-1466
-530
596
1511
2011
1842
1002
-40
-1073
-1646
-1599
-1007
129
1161
18401939
1401
338
-695
-1470
-1664
-1276
-380
772
1571
1938
1642
851
-319
-1197
-1594
-1453
-741
260
1295
1855
1805
1176
222
-785
-1493
-1594
-1065
-120
845
1699
1863
1449
579
-436
-1202
-1576
-1305
-516
467
1378
1826
1644
989
-29
-902
-1455
-1423
-825
77
1045
1669
1772
1255
349
-577
-1290
-1529
-1148
-277
6891443
1764
1561
738
-212
-1022
-1476
-1326
-705
335
1181
1672
1712
1112
133
-716
-1354
-1403
-993
-140
853
1501
1744
1363
592
-374
-1143
-1413
-1173
-466
442
1263
1691
1530
917
22
-820
-1353
-1313
-782
89
914
1590
1625
1187
360
-534
-1150
-1357
-1030
-239
605
1332
1641
1354
709
-176
-902
-1310
-1186
-552
272
1093
1570
1532
1004
129
-664
-1197
-1326
-872
-52
800
1425
1581
1288
500
-355
-995
-1315
-1052
-421
468
1212
1509
1441
851
-29
-760-1228
-1167
-723
69
967
1412
1499
1081
333
-448
-1098
-1230
-892
-233
614
1297
1519
1262
645
-153
-858
-1201
-1061
-514
286
988
1432
1410
897
180
-764
-1251
-1023
-569
251
853
1221
1209
695
196
-415
-745
-753
-465
54
539
880
982
712
316
-163
-464
-518
-413
-38
341
622
742
567
290
-40
-305
-307
-238
2
292
489
564
478
264
25
-163
-198
-141
23
223
369
458
386
245
97
-77
-104
-74
27
165
280
342
316
233
116
18
-20
-30
39
134
227
284
264
196
90
-7
-10
-5
47
139
175
236
214
139
73
-46
-31
29
102
223
208
208
154
121
149
148
137
150
204
294
373
337
302
352
407
653
4886
2928
-276
-1090
-6080
-3135
-4382
-1067
3045
2857
6442
3144
1562
-559
-4587
-3437
-5024
-1627
1243
2535
5700
3667
3354
194
-3163
-3362
-5152
-2431
-773
1900
4834
4009
4199
1150
-1325
-2992
-4938
-3141-2006
985
3463
4064
4655
2064
30
-2382
-4409
-3651
-2922
-77
2286
3796
4743
2957
1193
-1479
-3508
-3861
-3520
-1117
1137
3210
4474
3624
2181
-451
-2619
-3712
-3936
-2020
48
2425
4011
4005
3155
574
-1653
-3284
-3973
-2871
-1016
1481
3341
4034
3661
1673
-624
-2660
-3738
-3350
-2055
328
2510
3804
3880
2519
573
-1885
-3295
-3597
-2689
-664
1454
3354
3944
3169
1463
-798
-2701
-3538
-3128
-1527
537
2545
3725
3544
2228
149
-1840
-3252
-3387
-2249
-367
1730
3216
3672
2851
1029
-985
-2667
-3370
-2767
-1186
839
2594
3589
3271
1843
-134
-2021
-3100
-3160
-1913
-5
1898
3240
3488
2626
710
-1236
-2661
-3213
-2519
-836
1117
2722
3424
3053
1595
-429
-2106
-3054
-2844
-1699
132
2092
3163
3283
2214
518
-1445
-2725
-3021
-2237
-630
1213
2774
3304
2730
1273
-538
-2223
-2940
-2615
-1331
430
2100
3159
3033
1895
232
-1527
-2674
-2805
-1909
-293
1409
2719
3120
2428
943
-803
-2177
-2798
-2341
-981
708
2225
3030
2772
1569
-88
-1660
-2602
-2629
-1566
-25
1616
2731
2935
2155
601
-1026
-2257
-2706
-2119
-656
968
2335
2915
2601
1351-365
-1780
-2572
-2405
-1369
158
1822
2700
2793
1848
425
-1238
-2308
-2515
-1808
-472
1108
2396
2817
2298
1022
-493
-1880
-2476
-2143
-1068
499
1843
2695
2565
1550
144
-1311
-2223
-2325
-1553
-122
1301
2372
2681
2005
725
-759
-1889
-2366
-1927
-701
720
1990
2612
2373
1260
-157
-1509
-2224
-2174
-1317
154
1496
2427
2512
1802
396
-982
-1935
-2270
-1704
-552
955
2104
2488
2159
1083
-452
-1578
-2189
-1972
-1048
306
1684
2373
2360
1521
230
-1048
-1999
-2099
-1454
-272
1111
2127
2418
1922
751
-533
-1643
-2138
-1729
-765
554
1719
2332
2169
1236
-17
-1242
-1979
-1974
-1188
64
1281
2124
2318
1624
500
-777
-1734
-2022
-1599
-457
784
1812
2286
1969
1075
-275
-1383
-1927
-1842
-976
339
1449
2159
2127
1463
309
-967
-1732
-1911
-1328
-254
912
1924
2182
1746
790
-435
-1408
-1886
-1601
-694
441
1527
2160
1992
1198
28
-1034
-1766-1773
-1087
-12
1138
1899
2097
1537
485
-611
-1516
-1789
-13
83
-459
698
1627
2066
1865
898
-175
-1192
-1755
-1634
-919
242
1302
1921
1983
1335
204
-826
-1574
-1688
-1250
-261
891
1702
2029
1630
770
-299
-1326
-1671
-1447
-674
397
1426
1943
1825
1126
96
-922
-1565
-1586
-992
-12
986
1743
1912
1414
526
-571
-1328
-1633
-1273
-386
582
1482
1892
1612
897-147
-1055
-1552
-1476
-751
209
1172
1778
1786
1283
253
-716
-1389
-1567
-1098
-141
817
15961822
1523
718
-344
-1155
-1554
-1295
-626
374
1334
1758
1692
1024
111
-862
-1443
-1420
-908
-12
930
1612
1756
1285
467
-478
-1213
-1458
-1128
-378
594
1342
1753
1514
791
-111
-980
-1397
-1293
-703
233
1060
1634
1663
1109
278
-651
-1239
-1385
-1028
-132
743
1463
1680
1365
666
-335
-1069
-1398
-1205
-530
419
1222
1656
1520
981
77
-776
-1321
-1296
-805
9
864
1518
1596
1209
409
-442
-1084
-1343
-1010
-319
572
1286
1584
1410
723-95
-856
-1282
-1169
-591
194
1028
1500
1526
1011
197
-581
-1167
-1257
-873
-109
744
1318
1550
1258497
-288
-991
-1258
-1046
-477
447
1140
1513
1409
831
30
-758
-1176
-1160
-708
65
800
1391
1488
1106
386
-435
-1056
-1207
-927
-215
536
1181
1516
1243
684
-126
-821
-1157
-1067
-507
256
952
1423
1366
914
182
-579
-1044
-1182
-728
-43
692
1281
1401
1088
476
-315
-876
-1173
-943
-306
427
1099
1377
1279
775
-36
-678
-1100
-1054
-598
142
890
1300
1380
996
308
-456
-975
-1102
-774
-220
573
1151
1355
1157
568
-127
-815
-1103
-898
-451
275
917
1322
1301
825
128
-538
-992
-1032
-657
29
701
1203
1337
1006
409
-301
-837
-1017
-776
-231
455
1031
1329
1160
637
-14
-666
-978
-955
-514
202
828
1243
1227
883
230
-476
-889
-999
-698
-108
582
11431285
1052
519
-159
-756
-991
-850
-322
304
988
1236
1147
745
79
-524
-921
-932
-534
52
702
1204
1211
941
329
-298
-791
-997
-685
-182
481
1002
1224
1060
548
-96
-613
-932
-806
-417
238
823
1149
1179
731
174
-434
-844
-890
-602
9
636
1057
1206
944
371
-200
-746
-889
-746
-261
385
889
1187
1092
625
66
-576
-858
-840
-463
139
670
1135
1128
791
290
-336
-763
-878
-614
-85
476
967
1163
935
498
-120
-600
-856
-745
-297
267
821
1117
1042
678103
-435
-778
-829
-446
59
628
1034
1104
891
304
-255
-680
-852
-605
-135
442
912
1098
986
570
-75
-521
-821
-723
-366
159
755
1030
1078
742
195
-384
-768
-771
-518
-28
533
942
1090
887
380
-131
-616
-812
-618
-228
341
768
1045
975
572
53
-456
-746
-717
-407
165
634
988
1041
717
273
-279
-655
-764
-543
-39
461
890
1047
863
443
-96
-530
-723
-661
-213
266
729
1034
955
650
118
-395
-658
-724
-427
34
556
948
1000785
340
-236
-595
-751
-514
-146
347
834
993
897
502
-30
-428
-707
-623
-298
184
689
959
922
669
153
-281
-646
-695
-422
-6
516
846
989
809
341
-120
-510
-705
-544
-185
345
730
941
914
505
78
-403
-663
-623
-393
147
598
896
941
657
222
-243
-581
-642
-488
-57
444
796
960
799
440
-98
-489
-641-547
-231
242
679
940
855
565
142
-341
-606
-640
-376
82
503
876
917
706
312
-165
-495
-662
-484
-68
362
763
919
788
465
-31
-380
-614
-522
-201
179
636
865
860
605
148
-267
-550
-626
-361
6
492
790
888
752
282
-117
-462
-639
-469
-163
3
42
706
860
830
491
78
-332
-614
-541
-304
106
594
798
866
615
222
-175
-528
-559
-402
-23
419
726
863
738
368
-24
-412
-638
-475
-185
262
621
882
805
486
116
-309
-511
-554
-314
110
478
798
848
607
276
-162
-460
-568
-4
22
-48
356
703
849
715
387
-20
-358
-545
-507
-188
227
600
823
779
569
150
-247
-482
-548
-318
31
438
744
801
666
304
-99
-402
-562
-415
-85
295
672
799
728
446
41
-290
-540
-476
-218
142
549
755
788
559
179
-164
-476
-501
-319
1
427
694
798
687
314
-32
-386
-514
-430
-164
268
594
789
769
456
100
-285
-477
-462
-276
117
484
729
792
567
255
-147
-433
-475
-365
-13
345
666
792
644
364-3
-352
-494
-430
-136
225
552
775
713
521
112
-227
-425
-483
-265
119
437
724
728
612
247
-123
-363
-481
-366
-57
313
638
749
670
408
34
-305
-463
-423
-164
144
539
727
722
508
148
-163
-432
-472
-257
43
411
662
716
615
266
-50
-351
-469
-336
-86
305
588
730
680
401
59
-263
-446
-408
-191
147
494
682
720
516
190
-145
-399
-418
-298
9
396
611
754
589
329
-4
-309
-428
-395
-94
221
543
740
645
443
112
-227
-391
-404
-209
115
414
682704
526
257
-122
-342
-434
-295
4
315
596
697
588
358
-12
-228
-423
-373
-80
195
515
710
634
486
123
-201
-387
-404
-205
124
424
643
678
552
234
-76
-322
-418
-281
-56
271
580
648
620
347
57
-245
-417
-339
-125
142
495
693
669
477
157
-143
-379
-389-222
50
385
586
680
553
274
-40
-299
-380
-313
-84
289
545
660
618
371
91
-236
-376
-351
-172
152
436
628
665
462
144
-117
-337
-363
-250
63
314
588656
560
348
-24
-277
-364
-320
-65
206
495
670
602
432
95
-181
-339
-354
-144
108
387
624
618
503
218
-98
-283
-322
-238
39
291
559
606
570
306
20-207
-379
-303
-78
203
486
596
588
422
100
-113
-354
-328
-173
94
400
581
632
505
227
-40
-283
-344
-239
-35
281
516
616
589
322
76
-201
-357
-285
-114
185
430
578
600
402
171
-121
-313
-309
-199
68
373
561
697
458253
-4
-259
-310
-243
-15
253
471
605
548
331
59
-197
-289
-283
-88
179
411
595
575
433
165
-98
-267
-330
-183
69
317
565
588
492
273
-20
-196
-315
-247
-12
185
473
579
542
383
77
-135
-294
-279
-110
130
391
572
566
461
186
-66
-220
-336
-150
17
281
521
512
507
281
4
-180
-309
-205
-53
230
460
532
589
337
132-125
-288
-266
-113
117
395
488
586
441
193
-32
-267
-260
-210
25
296
466
584
512
317
55
-194
-265
-248
-70
205
415
558
536
385
159
-138
-252
-285
-137
117
329
527
569
429
242
-23
-201
-261
-186
13
231
465
554
476
332
50
-144
-272
-257
-56
169
388
548
496
398
133
-98
-237
-278
-120
82
310
519
546
446
230
-13
-188
-258
-183
18
230
470
530
524
301
59
-133
-264
-236
-91
141
401
513
535
386
173
-61
-249
-256
-173
34
370
450
551
453
241
29
-1
65
-262
-182
-42
238
412
495
508
309
134
-120
-251
-202
-124
151
355
509
549
386
211
-43
-195
-240
-152
77
274
441
529
407
277
34
-166
-232
-137
-8
205
403
550
472
340
95
-136
-227
-237
-105
146
320
536
521
436
250
-34
-168
-248
-16622
226
467
504
441
292
60
-108
-232
-204
-40
155
404
487
474
359
127
-50
-200
-227
-76
73
322
469
478
433
192
15
-173
-206
-113
23
228
428
495469
283
91
-93
-215
-189
-57
161
361
489
518
334
159
-53
-198
-193
-129
93
282
435
519
427
228
38
-154
-201
-181
-23
244
396
514
466
319
122
-110
-196
-225
-55
128
334
476
492
342
208
-31
-146
-200
-125
75
257
505
506
422
278
24
-128
-217
-183
21
185
390
480
455
327
106
-64
-190
-190
-52
111
327
458
458
385
200
-29
-125
-225
-113
58
267
430
456443
256
34
-105
-225
-144
-28
150
395
457
456
312
72
-54
-197
-155
-84
93
296
436
459
381
195
36
-153
-191
-113
32
251
376
493
430
263
114
-100
-171
-148
-20
201
327
448
453
310
169
-64
-155
-163
-90
105
264
423
462
360
235
5
-102
-162
-141
64
208
367
457
397
293
59
-79
-155
-178
-8
159
319
452
436
348
145
-26
-138
-211
-84
79
258
433
444
396
232
20
-105
-189
-96
32
189
397
419
426
277
107
-41
-152
-143
-23